10080
20041
20043
20047
10081
10054
10168
10069
10061
10074
20070
10130
10123
10105
10058
10073
10078
20044
20077
10062
10111
10057
10071
20046
10075
10127
10118
10117
10046
10047
10133
10170
20052
20040
10121
10132
10092
10098
10055
20054
20088
20086
20069
20067
10068
10125
10112
10131
10205
20072
20050
10116
10126
20045
20074
10152
10070
10209
10072
10100
10179
10122
10079
10049
10119
70047
70099
70045
70082
70112
70075
10201
10056
10163
10199
10147
70078
70051
70084
10048
10171
10052
70050
70079
70081
70090
70057
30005
70046
10165
10045
10064
40001
30008
30010
10103
30009
70056
70080
70042
40003
30006
30019
60048
10102
70083
60027
60026
60066
60068
60082
70073
50054
50053
50025
60023
60024
10060
50050
10128
50027
60019
60062
50026
60046
50030
60076
50028
70043
50052
10066
80020
50032
80029
80027
70053
80031
80038
80040
60025
10104
80043
80028
80053
80025
70044
80048
50051
50056
50041
80019
60018
50042
50022
80049
80045
50046
80026
80041
10063
50033
80036
90060
90057
90040
90055
90077
90037
90043
80023
90045
60022
90035
90059
50029
90038
90042
90066
90058
90080
90036
90062
90034
90053
90061
186
187
188
189
190
191
192
193
194
195
196
197
198
199
200
201
202
203
204
205
206
207
208
209
210
211
212
213
214
215
216
217
218
219
220
221
222
223
224
225
226
227
228
229
230
231
232
233
234
235
236
237
238
239
240
241
242
243
